,time,cells
0,0.0,208.9871794871795
1,0.5,213.55011655011657
2,1.0,218.11305361305364
3,1.5,222.67599067599068
4,2.0,227.23892773892774
5,2.5,231.8018648018648
6,3.0,236.36480186480188
7,3.5,240.92773892773891
8,4.0,245.49067599067598
9,4.5,250.05361305361305
10,5.0,254.61655011655012
11,5.5,259.1794871794872
12,6.0,263.74242424242425
13,6.5,268.3053613053613
14,7.0,272.8682983682984
15,7.5,277.4312354312354
16,8.0,281.99417249417246
17,8.5,286.5571095571095
18,9.0,291.1200466200466
19,9.5,295.68298368298366
20,10.0,300.2459207459207
21,10.5,304.8088578088578
22,11.0,309.3717948717948
23,11.5,313.9347319347319
24,12.0,318.49766899766894
25,12.5,323.060606060606
26,13.0,327.6235431235431
27,13.5,332.18648018648014
28,14.0,336.7494172494172
29,14.5,341.3123543123543
30,15.0,345.87529137529134
31,15.5,350.4382284382284
32,16.0,355.0011655011655
33,16.5,359.56410256410254
34,17.0,364.1270396270396
35,17.5,368.6899766899766
36,18.0,373.2529137529137
37,18.5,377.81585081585075
38,19.0,382.3787878787878
39,19.5,386.94172494172483
40,20.0,391.5046620046619
41,20.5,396.06759906759896
42,21.0,400.63053613053603
43,21.5,405.1934731934731
44,22.0,409.75641025641016
45,22.5,414.31934731934723
46,23.0,418.8822843822843
47,23.5,423.44522144522136
48,24.0,428.00815850815843
49,24.5,432.5710955710955
50,25.0,437.13403263403256
51,25.5,441.69696969696963
52,26.0,446.2599067599067
